2
108
-2 -7
-1 -7
0 -7
1 -7
2 -7
-4 -6
-3 -6
-2 -6
-1 -6
0 -6
1 -6
2 -6
3 -6
4 -6
-5 -5
-4 -5
-3 -5
-2 -5
-1 -5
0 -5
1 -5
2 -5
3 -5
4 -5
5 -5
-6 -4
-5 -4
-4 -4
-3 -4
3 -4
4 -4
5 -4
6 -4
-6 -3
-5 -3
-4 -3
4 -3
5 -3
6 -3
-7 -2
-6 -2
-5 -2
5 -2
6 -2
7 -2
-7 -1
-6 -1
-5 -1
5 -1
6 -1
7 -1
-7 0
-6 0
-5 0
5 0
6 0
7 0
-7 1
-6 1
-5 1
5 1
6 1
7 1
-7 2
-6 2
-5 2
5 2
6 2
7 2
-6 3
-5 3
-4 3
4 3
5 3
6 3
-6 4
-5 4
-4 4
-3 4
3 4
4 4
5 4
6 4
-5 5
-4 5
-3 5
-2 5
-1 5
0 5
1 5
2 5
3 5
4 5
5 5
-4 6
-3 6
-2 6
-1 6
0 6
1 6
2 6
3 6
4 6
-2 7
-1 7
0 7
1 7
2 7
36
-1 -3
0 -3
1 -3
-2 -2
-1 -2
0 -2
1 -2
2 -2
-3 -1
-2 -1
-1 -1
0 -1
1 -1
2 -1
3 -1
-3 0
-2 0
-1 0
1 0
2 0
3 0
-3 1
-2 1
-1 1
0 1
1 1
2 1
3 1
-2 2
-1 2
0 2
1 2
2 2
-1 3
0 3
1 3
6
0 .185 .200 1
0 .343 .580 0
0 .750 .850 0
1 .150 .280 0
1 .445 .680 1
0 .150 .180 0
